96
16
57
49
12
39
93
80
88
33
67
64
58
18
95
74
52
9
55
51
17
93
40
64
32
36
25
62
56
113
73
112
84
90
110
86
110
78
107
55
75
11
10
35
95
15
33
63
51
36
12
46
105
32
29
45
93
24
80
42
112
2
39
77
56
46
107
115
62
71
12
15
31
30
20
85
35
17
41
51
22
60
111
42
2
48
77
34
110
85
5
8
12
2
68
42
54
48
57
10
26
72
19
101
94
27
33
109
114
79
107
10
8
41
28
67
40
8
59
112
58
79
95
111
58
113
84
85
89
31
115
53
38
34
116
57
48
6
10
86
66
43
14
22
13
35
102
26
101
61
